H_vic2bod = ...
   [0.9912   -0.0236   -0.1303         0
    0.0162    0.9982   -0.0571   36.0685
    0.1314    0.0545    0.9898 -511.6330
         0         0         0    1.0000];
    
 H_bal2imu = ...
   [1.0000         0         0  254.3402
         0    1.0000         0         0
         0         0    1.0000         0
         0         0         0    1.0000];
     
 H_m402bod = ...
   [     0         0    1.0000  108.9900
    1.0000         0         0    0.5300
         0    1.0000         0   -2.9800
         0         0         0    1.0000];
     
     
 time_offset = -2.5887;
 mass = 0.1503;
 com = [-0.0029; -0.0030; 0.0348];
 